-0.0531446672976017
0.06457141041755676
0.05022091045975685
-0.013953999616205692
-0.10038019716739655
-0.02284214273095131
-0.033349908888339996
-0.0850733146071434
0.2124498039484024
-0.12937533855438232
0.1831064224243164
-0.0255699772387743
-0.2506805658340454
-0.06880764663219452
-0.07816798239946365
0.1901700794696808
-0.0642733946442604
-0.276909738779068
-0.062174201011657715
-0.050564222037792206
0.09058962017297745
0.0078065050765872
0.014438429847359657
0.08432558178901672
-0.16797102987766266
-0.3380524218082428
-0.05174655094742775
-0.08604969829320908
-0.009500190615653992
-0.08068958669900894
-0.0723828375339508
0.13183338940143585
-0.1836239993572235
0.035241130739450455
0.02589366026222706
0.192122682929039
0.02221933752298355
-0.06499974429607391
0.11897407472133636
0.052569352090358734
-0.28942787647247314
0.05035010352730751
0.06565684080123901
0.24472731351852417
0.19780674576759338
0.008342670276761055
0.06774330139160156
-0.10927489399909973
0.07852943986654282
-0.25254684686660767
0.07991698384284973
0.1630379557609558
0.11494436860084534
0.053912509232759476
0.05638379976153374
-0.23439174890518188
0.022430414333939552
0.07509452849626541
-0.2609928846359253
0.04615171626210213
0.030152153223752975
-0.07006741315126419
-0.08011385053396225
-0.03056417591869831
0.27098339796066284
0.16673770546913147
-0.14671234786510468
-0.12166504561901093
0.287614107131958
-0.1911112368106842
-0.0323902927339077
0.11627501994371414
-0.14312097430229187
-0.15793117880821228
-0.2714731693267822
0.02765646018087864
0.49564287066459656
0.09034236520528793
-0.1412874460220337
0.1383831799030304
-0.08803700655698776
0.04818865656852722
-0.07554289698600769
0.09595539420843124
-0.12008011341094971
0.08285340666770935
-0.15999093651771545
0.04593659192323685
0.20840851962566376
0.02471759170293808
-0.030610842630267143
0.2116144597530365
0.021752292290329933
-0.008912036195397377
0.09646180272102356
0.11448502540588379
-0.07806725800037384
-0.08459112048149109
-0.16797219216823578
-0.11843376606702805
-0.020190320909023285
-0.15141482651233673
-0.06353582441806793
0.0473819263279438
-0.20751270651817322
0.12105509638786316
-0.01778683438897133
-0.03896843641996384
-0.05061199888586998
0.05283556878566742
-0.051502473652362823
-0.005018171388655901
0.11949995160102844
-0.31177863478660583
0.19325567781925201
0.12957103550434113
0.13678142428398132
0.17495287954807281
0.06877920031547546
0.09983481466770172
-0.002908129245042801
-0.14387160539627075
-0.12340639531612396
-0.09813839197158813
0.01280282810330391
-0.04770912230014801
0.07154352962970734
0.12266279011964798
--
-0.1328577995300293
0.06927362829446793
0.13862043619155884
-0.0526030994951725
-0.12194789201021194
-0.03640486299991608
-0.031223619356751442
-0.10967385768890381
0.2680914103984833
-0.16742175817489624
0.17513161897659302
-0.034325651824474335
-0.26442626118659973
0.03667214885354042
0.0390954352915287
0.1681203693151474
-0.2124958038330078
-0.19719600677490234
-0.05829823017120361
-0.15292085707187653
0.059849560260772705
-0.02087821625173092
-0.03945838660001755
0.09212230890989304
-0.2248016893863678
-0.3757992088794708
-0.10279104858636856
0.012019162997603416
-0.002795550972223282
-0.10359488427639008
-0.0033119097352027893
0.11001874506473541
-0.20101159811019897
0.027263429015874863
-0.03572719544172287
0.19668146967887878
-0.09436526894569397
-0.13474562764167786
0.10005691647529602
-0.02327214553952217
-0.27288559079170227
-0.05707874894142151
0.10783392935991287
0.2627260386943817
0.2992118299007416
0.01595124416053295
0.01845674216747284
-0.005783768370747566
0.11928033083677292
-0.3270476758480072
0.0878826454281807
0.23314747214317322
0.009796874597668648
0.10144911706447601
0.1353786736726761
-0.2507239282131195
-0.05619921535253525
0.10895124077796936
-0.12772205471992493
0.010910945013165474
0.11877983063459396
-0.12908534705638885
0.01846950314939022
-0.07528842985630035
0.21135695278644562
0.16540837287902832
-0.1651483178138733
-0.0847015529870987
0.21518349647521973
-0.1866137683391571
-0.01368722040206194
0.027677346020936966
-0.20700840651988983
-0.24501243233680725
-0.3473007082939148
0.05075821280479431
0.4183861017227173
0.12549109756946564
-0.06393139809370041
0.07632377743721008
-1.981714740395546e-05
0.051175493746995926
0.050276730209589005
0.21595491468906403
0.012405157089233398
0.012442044913768768
-0.11911500990390778
0.15237122774124146
0.16456325352191925
0.00571129284799099
-0.01939222402870655
0.23130084574222565
-0.01629188284277916
-0.05020489543676376
0.0011280868202447891
0.12453964352607727
-0.13739117980003357
-0.021610315889120102
-0.2006792277097702
0.01099744439125061
-0.020678119733929634
0.025868970900774002
-0.04363899305462837
0.10214482992887497
-0.0914652943611145
0.18247197568416595
0.049020927399396896
0.018893223255872726
-0.12072385102510452
-0.05994504690170288
-0.10098517686128616
-0.013591592200100422
0.1047089546918869
-0.28646203875541687
0.1455170065164566
0.1684826910495758
-0.003338477574288845
0.2118975669145584
0.012225412763655186
0.09152120351791382
0.053456760942935944
-0.09018642455339432
-0.1387092024087906
-0.0071179503574967384
-0.04452568292617798
-0.02226325124502182
0.00809137336909771
0.09016469120979309
--
-0.11906284838914871
0.11666668951511383
0.04834994673728943
-0.03946894407272339
-0.10470575094223022
0.006249295547604561
0.0008107256144285202
0.03998734802007675
0.10168284922838211
0.07844448834657669
0.2007995843887329
-0.05956535041332245
-0.3574807643890381
0.06740079820156097
-0.009652817621827126
0.09485990554094315
-0.14816150069236755
-0.049171097576618195
-0.11320744454860687
-0.10785999149084091
0.0917794480919838
0.04523633420467377
-0.026236016303300858
0.10061346739530563
-0.20770707726478577
-0.26382771134376526
-0.04157925397157669
-0.1359933465719223
0.013952797278761864
-0.08990465104579926
0.0932903066277504
0.047738540917634964
-0.14177845418453217
-0.037440765649080276
0.01920982636511326
-0.03068147785961628
-0.02789798565208912
-0.13805875182151794
0.2556682527065277
-0.01707298681139946
-0.1141442283987999
0.0492122583091259
0.08110794425010681
0.2534145414829254
0.06569217890501022
0.052668247371912
0.10478468984365463
-0.10753340274095535
0.1595449000597
-0.23147837817668915
0.08684104681015015
0.20981594920158386
0.07792269438505173
0.06713291257619858
0.045589935034513474
-0.2303604781627655
0.04527527093887329
0.17157644033432007
-0.24805907905101776
0.13398532569408417
0.04990079253911972
-0.012460492551326752
-0.05320483818650246
-0.16588646173477173
0.1598178744316101
0.040366437286138535
-0.1535607874393463
-0.13676534593105316
0.15461646020412445
-0.09330523014068604
-0.05361363664269447
0.12034851312637329
-0.1487494558095932
-0.193548321723938
-0.2703542411327362
0.11981809884309769
0.40145474672317505
0.11731918156147003
-0.21043533086776733
0.029601531103253365
-0.09986478090286255
-0.07443840801715851
-0.01992034912109375
0.08315176516771317
-0.08698946237564087
-0.12170711159706116
-0.09990968555212021
0.017252471297979355
0.21071290969848633
0.011785595677793026
-0.008483230136334896
0.22143243253231049
0.1087358146905899
-0.042668916285037994
-0.0022308556362986565
0.07532279193401337
-0.23115015029907227
-0.05978148803114891
-0.04882454872131348
0.0076455725356936455
0.020312201231718063
-0.1092076450586319
-0.06179552525281906
0.0841558575630188
-0.1993628442287445
0.21621258556842804
0.008613482117652893
-0.06222199648618698
-0.06336004287004471
0.01325034536421299
-0.11574285477399826
0.002665860578417778
0.1986118108034134
-0.25141027569770813
0.15361349284648895
0.10989105701446533
0.09737534075975418
0.1392807811498642
0.06569172441959381
0.12024779617786407
-0.02778148278594017
0.047591835260391235
-0.21410535275936127
-0.12059100717306137
0.10219451785087585
-0.053853556513786316
0.023517772555351257
0.042906273156404495
--
-0.08231944590806961
0.05003758519887924
-0.014594069682061672
-0.10855268687009811
-0.09404139965772629
0.10767544060945511
-0.09189195930957794
-0.14738772809505463
0.10029523074626923
-0.09946472197771072
0.29030871391296387
0.007547482382506132
-0.2762048840522766
-0.013173598796129227
0.028365472331643105
0.12573501467704773
-0.13322606682777405
-0.1251356452703476
-0.08660026639699936
-0.07945052534341812
0.07513652741909027
0.07570093125104904
-0.027019992470741272
0.04613293707370758
-0.1711193025112152
-0.30030348896980286
-0.12791675329208374
-0.07501361519098282
-0.019808471202850342
-0.11010101437568665
0.0050795357674360275
0.0406796894967556
-0.11199086904525757
0.06498024612665176
0.05378848314285278
0.10102178901433945
-0.09897346794605255
-0.04578985646367073
0.1752142608165741
0.08539198338985443
-0.18171709775924683
0.044588129967451096
0.06972846388816833
0.25472649931907654
0.15521253645420074
-0.03048606775701046
0.028840746730566025
-0.04959560185670853
0.0462743304669857
-0.30640363693237305
0.11729038506746292
0.1768602728843689
0.22579705715179443
0.1279236227273941
0.04802287369966507
-0.1118433028459549
-0.011335275135934353
0.14947783946990967
-0.16456589102745056
0.12649929523468018
0.1190761849284172
-0.11118003726005554
-0.07960674166679382
-0.06036633253097534
0.23090437054634094
0.21397501230239868
-0.23494094610214233
-0.16252611577510834
0.06038036197423935
-0.07809684425592422
-0.2188519984483719
0.07626785337924957
-0.19487862288951874
-0.21987652778625488
-0.3128964304924011
0.09421860426664352
0.41424548625946045
0.11619366705417633
-0.2668555676937103
-0.03586893528699875
-0.0571623332798481
0.020352570340037346
0.028784554451704025
0.07796637713909149
-0.07541367411613464
-0.055116355419158936
-0.05741336569190025
0.06937853991985321
0.20759204030036926
-0.041163697838783264
-0.07745049148797989
0.2737776041030884
0.0035830531269311905
0.12398092448711395
0.026027362793684006
0.1700202077627182
-0.010254479013383389
-0.10361941903829575
-0.08346214890480042
-0.037246499210596085
0.015545694157481194
-0.061534035950899124
0.0007337904535233974
0.13158951699733734
-0.16172127425670624
0.29033100605010986
0.0029915841296315193
-0.0019400776363909245
0.03372148796916008
0.0376770943403244
-0.10548684746026993
0.009200151078402996
0.16127440333366394
-0.3154308795928955
0.1898670792579651
0.19141553342342377
0.09567518532276154
0.0764598697423935
0.10592891275882721
0.039950884878635406
-0.012673424556851387
-0.0339340940117836
-0.21572265028953552
-0.08495063334703445
0.04649120941758156
-0.012721401639282703
-0.022122245281934738
0.030042782425880432
--
-0.06558140367269516
0.12803953886032104
-0.06512114405632019
0.0045195939019322395
-0.10678061842918396
-0.02605300024151802
-0.0634150579571724
-0.03289806842803955
0.20068252086639404
-0.05627189204096794
0.15461452305316925
0.047346122562885284
-0.2068571299314499
-0.0889124646782875
0.01734195463359356
0.13914647698402405
-0.1992059350013733
-0.13872644305229187
-0.08333417773246765
-0.06578031927347183
-0.044637709856033325
0.14341120421886444
-0.004182878881692886
0.09279322624206543
-0.03673576936125755
-0.4276411235332489
-0.10183925181627274
-0.11894739419221878
0.05116638168692589
-0.09864440560340881
0.009878255426883698
0.08706055581569672
-0.11991961300373077
-0.09966610372066498
0.020977836102247238
0.039532341063022614
-0.14342691004276276
-0.04331512749195099
0.23393353819847107
0.11390501260757446
-0.15614068508148193
-0.03033475950360298
-0.05955886095762253
0.4130767583847046
0.23419292271137238
-0.010544832795858383
0.06817970424890518
-0.057522621005773544
0.11363915354013443
-0.24005377292633057
0.04198451340198517
0.23420700430870056
0.10026833415031433
0.08798768371343613
0.06117360293865204
-0.09213987737894058
-0.014151902869343758
0.13110321760177612
-0.19460506737232208
0.03959007188677788
0.05357407033443451
-0.1440277099609375
-0.028786398470401764
-0.1062031239271164
0.18434514105319977
0.0530078299343586
-0.059776630252599716
-0.15334272384643555
0.12025168538093567
-0.20867346227169037
-0.12154039740562439
0.06179645657539368
-0.09949488192796707
-0.19221624732017517
-0.3602496087551117
-0.0026842430233955383
0.2711881697177887
0.15674428641796112
-0.10295546054840088
0.035134077072143555
-0.0591789148747921
-0.0392976775765419
0.03979979082942009
0.06136436387896538
-0.09731582552194595
-0.05265507102012634
-0.110661581158638
0.043884143233299255
0.1695357710123062
0.002486824057996273
-0.05821708217263222
0.15917396545410156
-0.028199870139360428
0.0035220878198742867
0.08271162211894989
0.0866660624742508
-0.06964229792356491
-0.023937227204442024
-0.0696239173412323
0.008138859644532204
0.08334427326917648
-0.1445958912372589
0.005764354486018419
0.06413304805755615
-0.17231978476047516
0.2357383668422699
-0.012172196060419083
0.04094049707055092
0.005570295732468367
-0.07303275913000107
-0.14209668338298798
0.027216225862503052
0.2705360949039459
-0.20533698797225952
0.23791231215000153
0.15012586116790771
-0.0271280687302351
0.19973520934581757
0.019109200686216354
0.07334813475608826
-0.23197853565216064
-0.13559690117835999
-0.21691547334194183
-0.08252585679292679
0.03142707049846649
0.0572441928088665
0.06216570734977722
0.02775629423558712
--
-0.10351414233446121
0.06308990716934204
0.13264283537864685
-0.09958808869123459
-0.19062460958957672
-0.06848805397748947
-0.09590006619691849
-0.06284275650978088
0.15345333516597748
-0.18507032096385956
0.10642271488904953
-0.07602212578058243
-0.2653840184211731
0.1065179854631424
0.005406484007835388
0.19787469506263733
-0.14505964517593384
-0.2098180204629898
-0.07701981067657471
-0.15178093314170837
0.08524809032678604
0.11114460229873657
-0.09079773724079132
0.0825473889708519
-0.1804475337266922
-0.2955074906349182
-0.08995828777551651
0.028275486081838608
0.009008612483739853
-0.034553349018096924
-0.018306680023670197
0.04538946598768234
-0.1872951090335846
0.009945910423994064
0.13720078766345978
0.1578013002872467
0.012116564437747002
-0.1637655794620514
0.07926101982593536
0.07459983974695206
-0.26417505741119385
0.06010366976261139
0.06582867354154587
0.19849348068237305
0.1643526405096054
0.03889947757124901
0.02315494790673256
-0.077141173183918
0.1689542829990387
-0.28366121649742126
0.03701179474592209
0.17041447758674622
0.06190175563097
0.047013089060783386
0.09967818111181259
-0.26974353194236755
0.042519085109233856
0.21864186227321625
-0.19014282524585724
0.030357662588357925
0.05298991501331329
-0.13211466372013092
-0.007431682664901018
-0.04913143068552017
0.16176730394363403
0.1078430786728859
-0.12623851001262665
-0.17824889719486237
0.2132473886013031
-0.14829182624816895
-0.0336325541138649
0.1017448902130127
-0.10948856920003891
-0.13393300771713257
-0.21094699203968048
0.024333182722330093
0.45894452929496765
0.11936694383621216
-0.19087739288806915
0.07556820660829544
-0.012398301623761654
0.0850754901766777
0.0019951462745666504
0.11951848864555359
-0.06749552488327026
0.015472951345145702
-0.10890698432922363
0.004403476603329182
0.23833215236663818
0.029939554631710052
0.022855782881379128
0.3014458417892456
0.040643997490406036
0.009012763388454914
0.08177358657121658
0.04014231637120247
-0.17530690133571625
-0.13448238372802734
-0.07992151379585266
-0.1496209353208542
0.020124999806284904
-0.0957261174917221
-0.06360075622797012
0.1405918151140213
-0.2620515823364258
0.19614088535308838
-0.08485717326402664
-0.0248648002743721
-0.09768033027648926
0.04085727781057358
0.013572962954640388
0.012828214094042778
0.11565779149532318
-0.2754772901535034
0.1015462875366211
0.2156069427728653
0.01703016832470894
0.1888953596353531
0.031232723966240883
0.031771041452884674
0.025944054126739502
-0.07783672958612442
-0.12655499577522278
-0.14862415194511414
0.008498110808432102
-0.06460317224264145
0.00786808505654335
0.04363381490111351
--
-0.07662568241357803
0.006776617839932442
0.13974732160568237
0.009934643283486366
-0.06306061893701553
-0.02165776677429676
-0.030650436878204346
-0.08974061906337738
0.08901464194059372
-0.08292777091264725
0.26198163628578186
-0.011417333036661148
-0.2555791139602661
0.023166636005043983
-0.03394949436187744
0.10712479799985886
-0.11906313896179199
-0.04679841548204422
-0.164891317486763
-0.11975009739398956
-0.0630718320608139
0.05889225751161575
0.0884336456656456
-0.024672947824001312
-0.15223926305770874
-0.343752384185791
-0.12929821014404297
-0.0869644433259964
0.11784371733665466
-0.028407663106918335
-0.025158245116472244
0.023447802290320396
-0.13769689202308655
-0.04419298470020294
0.05348240211606026
0.09598155319690704
-0.07504650950431824
-0.07076985388994217
0.21033316850662231
0.09022894501686096
-0.16365833580493927
-0.012403801083564758
0.06579715013504028
0.3132149279117584
0.21950004994869232
0.10172247141599655
0.07813149690628052
-0.014166397042572498
0.09102380275726318
-0.28906920552253723
0.11053700000047684
0.10503511130809784
0.10107319056987762
0.06708573549985886
0.17820577323436737
-0.1479012668132782
0.017852455377578735
0.2199641764163971
-0.12051448225975037
0.14240653812885284
0.03219933062791824
-0.05078975111246109
0.09299452602863312
-0.002789126243442297
0.2211093157529831
0.05250208079814911
-0.12611347436904907
-0.07055669277906418
0.1295619010925293
-0.18498964607715607
-0.04644132778048515
0.08124948292970657
-0.09989170730113983
-0.16104936599731445
-0.32883211970329285
0.025486495345830917
0.4872869849205017
0.15157346427440643
-0.11286479234695435
0.03205833584070206
-0.04247576743364334
-0.13535326719284058
0.08717922866344452
0.12670928239822388
-0.06246528774499893
-0.008552522398531437
-0.10041888058185577
-0.03830227255821228
0.27057892084121704
-0.012973008677363396
-0.0038556763902306557
0.24716632068157196
-0.05684564262628555
-0.007325268350541592
0.005203872919082642
0.018653709441423416
-0.1986636072397232
-0.04924064874649048
-0.07399392127990723
-0.09422551840543747
-0.005917596630752087
-0.0929679200053215
0.014206832274794579
0.05265220254659653
-0.2393469214439392
0.1619551181793213
-0.05318504571914673
-0.026494286954402924
0.015228129923343658
-0.038637712597846985
-0.07307544350624084
0.01765620894730091
0.21010106801986694
-0.29899218678474426
0.13893623650074005
0.2494213581085205
0.031411878764629364
0.11925403773784637
0.11107882857322693
-0.011909360997378826
0.0358540415763855
0.04918520152568817
-0.13409577310085297
-0.10518768429756165
-0.04712943360209465
-0.10343371331691742
0.04872807487845421
0.04929748922586441
--
-0.10223137587308884
0.06358212977647781
0.066860631108284
-0.12628678977489471
-0.07517005503177643
-0.0377546101808548
0.009175240993499756
-0.09538313001394272
0.32629579305648804
-0.15579922497272491
0.15806303918361664
0.00826340727508068
-0.26280325651168823
0.026792259886860847
-0.03432830050587654
0.17939573526382446
-0.12696020305156708
-0.07456942647695541
-0.06667498499155045
-0.06044185534119606
0.1854332685470581
0.07799075543880463
0.042313456535339355
0.12263499200344086
-0.13566277921199799
-0.26622283458709717
-0.08496900647878647
-0.04848916828632355
-0.13526207208633423
-0.1686633825302124
0.04543822631239891
0.1334172934293747
-0.12036705017089844
-0.03442667797207832
-0.040528565645217896
0.08105945587158203
-0.03390094265341759
-0.18124902248382568
0.1571158468723297
0.07475835829973221
-0.23124857246875763
-0.0014112531207501888
-0.003963783383369446
0.23657119274139404
0.18953603506088257
-0.010006088763475418
0.027965929359197617
-0.1304374486207962
0.15872004628181458
-0.36208492517471313
-0.0498853474855423
0.10814119875431061
-0.0941338837146759
0.06279116868972778
0.06942565739154816
-0.21268212795257568
0.0907101035118103
0.04890754073858261
-0.2641013562679291
0.029916713014245033
0.06715933978557587
-0.20563343167304993
-0.01793179288506508
-0.0659756064414978
0.21986722946166992
0.17164579033851624
-0.1351402997970581
-0.18329548835754395
0.11852693557739258
-0.19257819652557373
-0.09278968721628189
0.11841561645269394
-0.13997037708759308
-0.20852918922901154
-0.2561253607273102
-0.013355519622564316
0.3682754337787628
0.14430885016918182
-0.09671742469072342
0.11446104198694229
-0.1607368290424347
0.012429657392203808
-0.027702882885932922
0.2037591189146042
0.05660612881183624
0.05054277554154396
-0.07581032067537308
0.014533953741192818
0.19806517660617828
-0.010751049965620041
-0.0397118479013443
0.4279673099517822
0.026355084031820297
0.006957319565117359
0.005569735076278448
0.056869592517614365
-0.14332641661167145
0.025718312710523605
-0.057507164776325226
-0.021497098729014397
0.04676809161901474
-0.07351967692375183
0.026093242689967155
0.09619244188070297
-0.27076685428619385
0.24356454610824585
-0.11681752651929855
0.02612558752298355
-0.00713527062907815
-0.1040869876742363
-0.08012063056230545
0.05683859437704086
0.14534196257591248
-0.31616759300231934
0.1377127468585968
0.1708725392818451
0.11270318925380707
0.17836548388004303
0.010536547750234604
0.10438118129968643
0.0072622522711753845
-0.019393742084503174
-0.19824376702308655
0.00799762737005949
0.04538997262716293
-0.015597846359014511
0.001703331246972084
0.06417106091976166
--
-0.20801039040088654
0.07191679626703262
0.09432122111320496
-0.03339141979813576
-0.05887920409440994
-0.024273261427879333
0.006699210032820702
-0.12458718568086624
0.09518789499998093
-0.08337553590536118
0.2552493214607239
-0.03283100575208664
-0.19187717139720917
-0.10719935595989227
0.00594916008412838
0.05891399830579758
-0.0570027232170105
-0.18683503568172455
-0.09481427818536758
-0.060969360172748566
0.04275522381067276
-0.0833769217133522
-0.062014851719141006
0.049383848905563354
-0.18664416670799255
-0.32469263672828674
-0.12323352694511414
-0.10538101941347122
0.03340621292591095
-0.06614761054515839
0.03307236358523369
0.028338754549622536
-0.16565772891044617
-0.027074869722127914
0.0020601172000169754
0.10860391706228256
0.0048109921626746655
-0.019494324922561646
0.24861207604408264
-0.1313064694404602
-0.1777089238166809
0.026983674615621567
0.11661926656961441
0.2072887271642685
0.16905030608177185
0.019098009914159775
0.05004589259624481
-0.035158079117536545
0.12751473486423492
-0.20340275764465332
0.13086144626140594
0.13500988483428955
0.19952160120010376
0.09241774678230286
0.13442355394363403
-0.1646135151386261
-0.019095398485660553
0.14185762405395508
-0.13190613687038422
0.11200975626707077
-0.001545969396829605
-0.09505368769168854
-0.0044640544801950455
-0.058897964656353
0.23083432018756866
0.10959410667419434
-0.15062561631202698
-0.12884917855262756
0.1630946397781372
-0.14245854318141937
-0.0036198757588863373
0.11287697404623032
-0.11499455571174622
-0.15864019095897675
-0.27027350664138794
0.15889081358909607
0.4531988501548767
0.16140887141227722
-0.22371815145015717
0.03833337128162384
-0.10338246822357178
-0.07291079312562943
0.03913402184844017
0.04985043779015541
-0.08496317267417908
-0.06758448481559753
-0.09529383480548859
0.011949904263019562
0.24054718017578125
0.06276284158229828
-0.013991442508995533
0.18538278341293335
-0.009680381044745445
0.06039626896381378
-0.01132552232593298
0.0221988745033741
-0.11949199438095093
-0.022668002173304558
-0.02988976240158081
0.023021534085273743
0.021111370995640755
-0.051432933658361435
0.023101981729269028
0.10445564985275269
-0.14672410488128662
0.123545803129673
-0.03525133803486824
0.05124913901090622
-0.03090718761086464
0.0780666396021843
-0.09115885198116302
-0.027972066774964333
0.11324042081832886
-0.2949255704879761
0.19966059923171997
0.09102661907672882
-0.015753448009490967
0.1238730400800705
0.1336696296930313
0.06929334253072739
0.06939446926116943
0.006882868707180023
-0.1369473934173584
-0.03872055932879448
0.08810683339834213
-0.07400354743003845
0.09606562554836273
0.06375680863857269
--
